0 KEY_DUP;KEY_B 0;0 0;0
1 NONE 0;0 0;0
2 NONE 0;32767 0;0
3 NONE 0;32767 0;0
4 NONE 0;32767 0;0
5 NONE 0;32767 0;0
6 NONE 0;32767 0;0
7 NONE 0;0 0;0
8 NONE 0;0 0;0
9 NONE 0;0 0;0
10 NONE 0;0 0;0
11 NONE 0;0 0;0
12 NONE 0;0 0;0
13 NONE 0;0 0;0
14 NONE 0;0 0;0
15 NONE 0;0 0;0
16 NONE 0;32767 0;0
17 NONE 0;32767 0;0
18 NONE 0;32767 0;0
19 NONE 0;32767 0;0
20 NONE 0;32767 0;0
21 NONE 0;32767 0;0
22 NONE 0;32767 0;0
23 NONE 0;32767 0;0
24 NONE 0;32767 0;0
25 NONE 0;32767 0;0
26 NONE 16383;28377 0;0
27 NONE 32767;0 0;0
28 NONE 32766;187 0;0
29 NONE -32663;2597 0;0
30 NONE -32663;2597 0;0
31 NONE -32663;2597 0;0
32 NONE -32663;2597 0;0
33 NONE -32663;2597 0;0
34 NONE -32663;2597 0;0
35 NONE -32663;2597 0;0
36 NONE -32663;2597 0;0
37 NONE -32663;2597 0;0
38 NONE -32663;2597 0;0
39 NONE -32663;2597 0;0
40 NONE -32663;2597 0;0
41 NONE -32663;2597 0;0
42 NONE -32663;2597 0;0
43 NONE -32663;2597 0;0
44 NONE -32663;2597 0;0
45 NONE -32663;2597 0;0
46 NONE -32663;2597 0;0
47 NONE -32663;2597 0;0
48 NONE -32663;2597 0;0
49 NONE -32663;2597 0;0
50 NONE -32663;2597 0;0
51 NONE -32663;2597 0;0
52 NONE -32663;2597 0;0
53 NONE -32663;2597 0;0
54 NONE -32663;2597 0;0
55 NONE -32663;2597 0;0
56 NONE -32663;2597 0;0
57 NONE -32663;2597 0;0
58 NONE -32663;2597 0;0
59 NONE -32663;2597 0;0
60 KEY_L;KEY_DUP -32663;2597 0;0
61 NONE 7149;31977 0;0
62 NONE 31777;7991 0;0
63 NONE 31721;8212 0;0
64 NONE 31662;8433 0;0
65 NONE 31603;8654 0;0
66 NONE 31542;8875 0;0
67 NONE 31479;9095 0;0
68 NONE 31415;9314 0;0
69 NONE 31349;9533 0;0
70 NONE 31282;9752 0;0
71 NONE 31213;9970 0;0
72 NONE 31142;10188 0;0
73 NONE 31120;10257 0;0
74 NONE 31120;10257 0;0
75 NONE 31120;10257 0;0
76 NONE 31120;10257 0;0
77 NONE 31120;10257 0;0
78 NONE 31120;10257 0;0
79 NONE 31120;10257 0;0
80 NONE 31120;10257 0;0
81 NONE 31120;10257 0;0
82 NONE 31120;10257 0;0
83 NONE 31120;10257 0;0
84 KEY_ZL -3573;-470 0;0
85 KEY_Y 0;0 0;0
86 NONE 0;0 0;0
87 NONE 0;0 0;0
88 NONE 0;0 0;0
89 NONE 0;0 0;0
90 NONE 0;0 0;0
91 NONE 0;0 0;0
92 NONE 0;0 0;0
93 NONE 0;0 0;0
94 NONE 0;0 0;0
95 NONE 0;0 0;0
96 NONE 0;0 0;0
97 NONE 0;0 0;0
98 NONE 0;0 0;0
99 NONE 0;0 0;0
100 NONE 0;0 0;0
101 NONE 0;0 0;0
102 NONE 0;0 0;0
103 NONE 0;0 0;0
104 NONE 0;0 0;0
105 NONE 0;0 0;0
106 NONE 0;0 0;0
107 NONE 0;0 0;0
108 KEY_Y 0;0 0;0
109 KEY_Y -31977;7149 0;0
110 NONE -31977;7149 0;0
111 NONE -31977;7149 0;0
112 NONE -31977;7149 0;0
113 NONE -31977;7149 0;0
114 NONE -31977;7149 0;0
115 NONE -31977;7149 0;0
116 NONE -31977;7149 0;0
117 NONE -31977;7149 0;0
118 NONE -31977;7149 0;0
119 NONE -31977;7149 0;0
120 NONE -31977;7149 0;0
121 NONE -31977;7149 0;0
122 NONE -31977;7149 0;0
123 NONE -31977;7149 0;0
124 NONE -31977;7149 0;0
125 NONE -31977;7149 0;0
126 NONE -31977;7149 0;0
127 NONE -31977;7149 0;0
128 NONE -31977;7149 0;0
129 NONE -31977;7149 0;0
130 NONE -31977;7149 0;0
131 NONE -31977;7149 0;0
132 NONE -31977;7149 0;0
133 NONE -31977;7149 0;0
134 NONE -31861;7650 0;0
135 NONE -31650;8481 0;0
136 NONE -31650;8481 0;0
137 NONE -31650;8481 0;0
138 NONE -31650;8481 0;0
139 NONE -31650;8481 0;0
140 NONE -31650;8481 0;0
141 NONE -31650;8481 0;0
142 NONE -31650;8481 0;0
143 NONE -31650;8481 0;0
144 NONE -31650;8481 0;0
145 NONE -31650;8481 0;0
146 NONE 3124;1796 0;0
147 NONE 3591;307 0;0
148 KEY_ZL 3384;-1238 0;0
149 KEY_Y 0;0 0;0
150 NONE 0;0 0;0
151 NONE 0;0 0;0
152 NONE 0;0 0;0
153 NONE 0;0 0;0
154 NONE 0;0 0;0
155 NONE 0;0 0;0
156 NONE 0;0 0;0
157 NONE 0;0 0;0
158 NONE 0;0 0;0
159 NONE 0;0 0;0
160 NONE 0;0 0;0
161 NONE 0;0 0;0
162 NONE 0;0 0;0
163 NONE 0;0 0;0
164 NONE 0;0 0;0
165 NONE 0;0 0;0
166 NONE 0;0 0;0
167 NONE 0;0 0;0
168 NONE 0;0 0;0
169 NONE 0;0 0;0
